default_gurobi, 20, 0.357, 0.44132438
FIXIPM, 17, 0.218, 0.44132504
IBP, 78, 0.167, 0.85222392
IBP, 3000, 1.038, 0.39692120
IBP, 3000, 0.984, 1.79093336
primal IPM, 20, 3.374, 0.49145057
default_gurobi, 19, 0.339, 0.43011272
FIXIPM, 16, 0.198, 0.43013606
IBP, 82, 0.048, 0.86195731
IBP, 3000, 0.555, 0.38565125
default_gurobi, 20, 0.346, 0.41161357
FIXIPM, 17, 0.166, 0.41162088
IBP, 210, 0.050, 0.92718295
IBP, 620, 0.133, 0.46933930
IBP, 6824, 1.249, 1.47645998
default_gurobi, 20, 0.340, 0.46056017
FIXIPM, 16, 0.127, 0.46060194
IBP, 88, 0.033, 0.88066982
IBP, 3000, 0.540, 0.40724878
IBP, 3000, 0.508, 0.75743801
primal IPM, 20, 3.015, 0.51167295
default_gurobi, 24, 0.390, 0.42237874
FIXIPM, 16, 0.190, 0.42238111
IBP, 80, 0.052, 0.81341136
IBP, 3000, 0.545, 0.36335436
default_gurobi, 21, 0.349, 0.42619775
FIXIPM, 15, 0.121, 0.42624413
IBP, 110, 0.037, 0.79924872
IBP, 3000, 0.515, 0.37815656
IBP, 3000, 0.474, 0.76236755
primal IPM, 19, 2.699, 0.44836791
default_gurobi, 21, 0.285, 0.45814173
FIXIPM, 17, 0.165, 0.45815316
IBP, 90, 0.040, 0.87301893
IBP, 3000, 0.578, 0.39306939
default_gurobi, 19, 0.334, 0.49260016
FIXIPM, 17, 0.130, 0.49260889
IBP, 100, 0.048, 0.86063579
IBP, 3000, 0.617, 0.43739551
default_gurobi, 19, 0.365, 0.42856495
FIXIPM, 16, 0.149, 0.42856782
IBP, 80, 4.732, 0.83147746
IBP, 3000, 1.222, 0.37871960
default_gurobi, 21, 0.296, 0.45136287
FIXIPM, 16, 0.129, 0.45141435
IBP, 100, 9.404, 1.19766608
IBP, 3000, 1.375, 0.40011893
IBP, 3000, 2.169, 1.38545263
primal IPM, 20, 3.096, 0.47320137
default_gurobi, 23, 0.474, 0.48285243
FIXIPM, 17, 0.180, 0.48285837
IBP, 90, 0.051, 1.25948646
IBP, 3000, 0.630, 0.41742213
IBP, 3000, 0.552, 1.34770557
primal IPM, 20, 2.713, 0.49360444
default_gurobi, 20, 0.345, 0.45059027
FIXIPM, 16, 0.170, 0.45060504
IBP, 190, 0.047, 1.02566991
IBP, 1110, 0.202, 0.50539867
IBP, 5550, 0.997, 1.13092690
default_gurobi, 10, 0.010, 1.61536567
FIXIPM, 10, 0.034, 1.61536569
IBP, 360, 0.008, 2.04887914
IBP, 1670, 0.033, 1.95200750
IBP, 1760, 0.037, 3.66906615
badmm, 2600, 0.307, 1.61685926
default_gurobi, 10, 0.018, 1.15248697
FIXIPM, 10, 0.035, 1.15248699
IBP, 1100, 0.024, 1.37894358
IBP, 3280, 0.079, 1.29969696
IBP, 39690, 0.564, 3.95293320
badmm, 2400, 0.205, 1.15252308
default_gurobi, 9, 0.006, 1.44623185
FIXIPM, 9, 0.018, 1.44623718
IBP, 480, 0.010, 1.67104980
IBP, 1130, 0.023, 1.52837853
IBP, 3240, 0.066, 3.25747188
default_gurobi, 8, 0.008, 1.64744176
FIXIPM, 10, 0.028, 1.64744240
IBP, 440, 0.010, 1.89563714
IBP, 650, 0.013, 1.76939690
IBP, 3910, 0.080, 3.17624373
default_gurobi, 9, 0.009, 1.38864526
FIXIPM, 9, 0.023, 1.38865337
IBP, 640, 0.015, 1.66086674
IBP, 1320, 0.032, 1.53246798
IBP, 8840, 0.156, 3.35910200
badmm, 2400, 0.232, 1.38863295
default_gurobi, 9, 0.010, 1.84240397
FIXIPM, 10, 0.028, 1.84240398
IBP, 560, 0.011, 2.32347524
IBP, 1380, 0.029, 2.25370279
IBP, 1180, 0.027, 6.11610823
badmm, 1200, 0.099, 1.90395294
default_gurobi, 8, 0.121, 1.77340536
FIXIPM, 9, 0.194, 1.77340666
IBP, 350, 0.042, 2.07986216
IBP, 1440, 0.028, 1.97665717
IBP, 5920, 0.092, 4.19114281
badmm, 1000, 0.160, 1.77509929
default_gurobi, 10, 0.075, 1.79676049
FIXIPM, 12, 0.102, 1.79681276
IBP, 820, 0.053, 1.93285833
IBP, 2860, 0.155, 1.84126288
IBP, 3220, 0.146, 3.24302731
badmm, 4000, 1.325, 1.79751643
default_gurobi, 10, 0.090, 1.76313197
FIXIPM, 11, 0.104, 1.76317489
IBP, 540, 0.046, 1.89007439
IBP, 3290, 0.206, 1.79938398
IBP, 6880, 0.453, 3.04934412
default_gurobi, 11, 0.090, 1.59918009
FIXIPM, 12, 0.183, 1.59922364
default_gurobi, 11, 0.065, 1.80498136
FIXIPM, 12, 0.118, 1.80503764
default_gurobi, 11, 0.065, 1.66774405
FIXIPM, 12, 0.134, 1.66778579
IBP, 180, 0.036, 1.84411229
IBP, 2890, 0.161, 1.75319648
IBP, 4150, 0.222, 3.09905301
badmm, 4000, 1.275, 1.66860919
default_gurobi, 27, 0.655, 1.51721759
FIXIPM, 24, 0.549, 1.51733403
IBP, 130, 0.040, 2.47968408
IBP, 2930, 0.616, 2.26623307
IBP, 12480, 2.881, 9.57194803
badmm, 4000, 10.288, 1.51772918
FIXIPM, 37, 5.630, 1.55181824
IBP, 90, 0.212, 2.35123257
IBP, 3040, 6.175, 2.21295209
IBP, 3310, 7.980, 6.84273282
default_gurobi, 52, 7.015, 1.57703733
FIXIPM, 38, 5.699, 1.57708304
IBP, 100, 0.242, 2.49876927
IBP, 1510, 3.235, 2.33189083
default_gurobi, 11, 0.090, 1.86748144
FIXIPM, 11, 0.174, 1.86750771
IBP, 220, 0.042, 42.79585310
IBP, 3000, 0.172, 1.66126475
IBP, 3000, 0.220, 3.28526036
badmm, 20000, 6.461, 1.68100918
primal IPM, 12, 37.896, 1.66988814
default_gurobi, 11, 0.081, 1.75558784
FIXIPM, 12, 0.158, 1.75561397
IBP, 180, 0.041, 16.78012324
IBP, 3000, 0.192, 1.61732764
IBP, 3000, 0.179, 3.13126530
default_gurobi, 11, 0.086, 1.76411035
primal IPM, 11, 2.079, 1.59703383
default_gurobi, 11, 0.080, 1.67925674
default_gurobi, 11, 0.072, 1.69045971
primal IPM, 13, 3.946, 1.53326605
default_gurobi, 11, 0.091, 1.75473060
default_gurobi, 14, 0.091, 1.79258647
default_gurobi, 12, 0.118, 1.87927379
default_gurobi, 11, 0.070, 1.69825377
primal IPM, 23, 2.353, 1.55789188
default_gurobi, 11, 0.071, 1.81131088
default_gurobi, 12, 0.079, 1.63249947
default_gurobi, 11, 0.079, 1.90682124
default_gurobi, 11, 0.073, 1.66385049
default_gurobi, 11, 0.078, 1.92231655
FIXIPM, 11, 0.152, 1.77215681
FIXIPM, 11, 0.133, 1.73569148
FIXIPM, 12, 0.136, 1.78000888
FIXIPM, 12, 0.147, 1.84911161
primal IPM, 24, 4.116, 1.66096796
FIXIPM, 11, 0.171, 1.73452450
FIXIPM, 12, 0.081, 1.64244130
FIXIPM, 12, 0.072, 1.92003274
default_gurobi, 11, 0.061, 1.81647459
FIXIPM, 11, 0.078, 1.81656446
default_gurobi, 32, 10.038, 0.49564450
FIXIPM, 23, 1.733, 0.49565403
default_gurobi, 29, 9.678, 0.52812826
FIXIPM, 22, 1.782, 0.52814893
default_gurobi, 36, 10.366, 0.51829968
FIXIPM, 24, 2.175, 0.51832718
default_gurobi, 33, 9.997, 0.50976587
FIXIPM, 21, 1.555, 0.50977770
default_gurobi, 31, 10.162, 0.52769109
FIXIPM, 22, 1.695, 0.52774111
default_gurobi, 42, 10.850, 0.51534058
FIXIPM, 22, 1.868, 0.51535178
FIXIPM, 7, 0.203, 1.17454370
FIXIPM, 7, 0.034, 1.17454370
FIXIPM, 7, 0.089, 1.17454370
FIXIPM, 7, 0.023, 1.17454370
FIXIPM, 7, 0.007, 1.17454370
FIXIPM, 7, 0.005, 1.17454370
FIXIPM, 7, 0.005, 1.17454370
FIXIPM, 7, 0.006, 1.17454370
FIXIPM, 7, 0.005, 1.17454370
FIXIPM, 7, 0.006, 1.17454370
FIXIPM, 7, 0.006, 1.17454370
FIXIPM, 7, 0.010, 1.17454370
FIXIPM, 7, 0.007, 1.17454370
FIXIPM, 7, 0.006, 1.17454370
FIXIPM, 7, 0.008, 1.17454370
FIXIPM, 7, 0.005, 1.17454370
FIXIPM, 7, 0.009, 1.17454370
FIXIPM, 9, 0.021, 0.15190681
FIXIPM, 9, 0.009, 0.11107794
FIXIPM, 9, 0.008, 0.15646805
FIXIPM, 2000, 2.302, NaN
FIXIPM, 9, 0.007, 0.15646805
FIXIPM, 9, 0.007, 0.15646805
FIXIPM, 80, 0.103, 3.34820599
FIXIPM, 80, 0.110, 3.34820599
FIXIPM, 9, 0.007, 0.15646805
FIXIPM, 2000, 2.013, NaN
FIXIPM, 2000, 2.020, NaN
FIXIPM, 9, 0.007, 0.15476720
FIXIPM, 17, 0.047, 0.23572427
FIXIPM, 32, 0.082, 0.12792827
FIXIPM, 19, 0.055, 0.15272401
FIXIPM, 19, 0.063, 0.15272401
FIXIPM, 17, 0.036, 0.23572427
FIXIPM, 52, 0.088, 0.53706658
FIXIPM, 24, 0.082, 0.23260098
FIXIPM, 2000, 2.096, NaN
FIXIPM, 11, 0.011, 0.23399500
FIXIPM, 9, 0.008, 0.15476720
FIXIPM, 9, 0.008, 0.15476720
FIXIPM, 2000, 2.000, NaN
FIXIPM, 9, 0.007, 0.15476720
FIXIPM, 9, 0.013, 0.15476720
FIXIPM, 9, 0.033, 0.15476720
FIXIPM, 9, 0.011, 0.15476720
FIXIPM, 9, 0.007, 0.15476720
FIXIPM, 2000, 2.372, NaN
FIXIPM, 11, 0.016, 0.12480620
FIXIPM, 11, 0.012, 0.12480620
primal IPM, 12, 0.237, 0.09399908
FIXIPM, 11, 0.033, 0.12480620
primal IPM, 12, 0.232, 0.09399908
primal IPM, 11, 0.105, 0.09876660
primal IPM, 8, 0.086, 0.08930306
primal IPM, 10, 0.097, 0.08432435
primal IPM, 11, 0.103, 0.09876660
primal IPM, 7, 0.047, 3.74084058
primal IPM, 8, 0.067, 3.24823792
FIXIPM, 9, 0.028, 4.00314556
FIXIPM, 8, 0.009, 10.19267493
FIXIPM, 9, 0.009, 4.63206310
FIXIPM, 2000, 1.469, NaN
FIXIPM, 20, 0.044, 10.93396324
FIXIPM, 10, 0.009, 1.88141434
FIXIPM, 51, 0.103, 7.75232000
primal IPM, 7, 0.038, 0.72369470
primal IPM, 7, 0.033, 0.72369470
primal IPM, 8, 0.075, 29.73464408
primal IPM, 20, 0.081, 32.91614882
primal IPM, 15, 0.101, 96.66828261
primal IPM, 10, 0.130, 46.58748668
primal IPM, 9, 0.057, 38.13073032
primal IPM, 10, 0.127, 49.11148434
primal IPM, 10, 0.093, 63.46757426
primal IPM, 10, 0.233, 63.46757426
primal IPM, 10, 0.127, 63.46757426
primal IPM, 10, 0.095, 63.46757426
primal IPM, 10, 0.088, 63.46757426
primal IPM, 10, 0.088, 63.46757426
primal IPM, 10, 0.091, 63.46757426
primal IPM, 10, 0.089, 63.46757426
primal IPM, 10, 0.104, 63.46757426
primal IPM, 10, 0.094, 63.46757426
primal IPM, 9, 0.117, 34.61848323
FIXIPM, 19, 0.037, 46.75381858
FIXIPM, 51, 0.096, 52.52833273
FIXIPM, 51, 0.087, 52.52833273
FIXIPM, 20, 0.021, 66.07384814
FIXIPM, 14, 0.011, 50.34908861
FIXIPM, 15, 0.015, 44.62504282
FIXIPM, 15, 0.015, 81.51921815
FIXIPM, 11, 0.008, 52.20058698
FIXIPM, 12, 0.010, 26.48653168
FIXIPM, 12, 0.009, 26.48653168
FIXIPM, 12, 0.017, 26.48653168
FIXIPM, 12, 0.011, 26.48653168
FIXIPM, 15, 0.026, 37.28725327
FIXIPM, 15, 0.027, 37.28725327
primal IPM, 8, 0.065, 38.03800781
FIXIPM, 15, 0.028, 37.28725327
FIXIPM, 15, 0.028, 37.28725327
FIXIPM, 15, 0.023, 37.28725327
FIXIPM, 15, 0.025, 37.28725327
FIXIPM, 15, 0.019, 37.28725327
primal IPM, 8, 0.117, 38.03800781
primal IPM, 8, 0.067, 38.03800781
FIXIPM, 15, 0.147, 37.28725327
FIXIPM, 15, 0.035, 37.28725327
FIXIPM, 15, 0.018, 37.28725327
FIXIPM, 15, 0.013, 37.28725327
FIXIPM, 15, 0.014, 37.28725327
FIXIPM, 15, 0.017, 37.28725327
FIXIPM, 76, 0.092, 76.86479743
FIXIPM, 76, 0.091, 76.86479743
FIXIPM, 15, 0.017, 44.62504282
FIXIPM, 15, 0.015, 44.62504282
FIXIPM, 28, 0.050, 42.84403778
FIXIPM, 28, 0.036, 42.84403778
FIXIPM, 61, 0.076, 119.78032613
FIXIPM, 24, 0.045, 59.87624896
FIXIPM, 24, 0.045, 59.87624896
FIXIPM, 15, 0.158, 37.28725327
FIXIPM, 15, 0.022, 37.28725327
FIXIPM, 76, 0.116, 76.86479743
FIXIPM, 76, 0.082, 76.86479743
FIXIPM, 15, 0.015, 44.62504282
FIXIPM, 15, 0.018, 44.62504282
FIXIPM, 76, 0.084, 76.86479743
FIXIPM, 15, 0.017, 44.62504282
FIXIPM, 28, 0.042, 42.84403778
FIXIPM, 28, 0.043, 42.84403778
FIXIPM, 61, 0.075, 119.78032613
FIXIPM, 24, 0.041, 59.87624896
FIXIPM, 37, 0.178, 9.38222750
FIXIPM, 37, 0.058, 9.38222750
FIXIPM, 21, 0.112, 68.40687011
FIXIPM, 21, 0.074, 68.40687011
FIXIPM, 21, 0.069, 68.40687011
FIXIPM, 37, 0.050, 9.38222750
FIXIPM, 15, 0.055, 44.62504284
FIXIPM, 2000, 2.705, NaN
FIXIPM, 2000, 2.821, NaN
FIXIPM, 57, 0.177, 118.13141328
FIXIPM, 57, 0.141, 118.13141328
FIXIPM, 22, 0.170, 59.83208728
FIXIPM, 22, 0.157, 59.83208728
FIXIPM, 43, 0.273, 57.41195394
FIXIPM, 29, 0.046, 27.78018674
FIXIPM, 51, 0.148, 64.26456787
FIXIPM, 16, 0.026, 95.84145201
FIXIPM, 16, 0.169, 95.84145201
FIXIPM, 16, 0.039, 95.84145201
